y	x1	x2	error
0.666025468	0.883752945	-0.23249411	0.014766633
0.924147853	0.93845774	-0.12308452	0.108774633
0.865082705	0.91287162	-0.17425676	0.126467845
0.683383035	0.93340674	-0.13318652	-0.116837185
0.772156806	0.913741235	-0.17251753	0.030933101
0.565634228	0.90982595	-0.1803481	-0.163843622
0.943363589	0.923957655	-0.15208469	0.171490624
0.809146275	0.91606342	-0.16787316	0.060956015
0.630638468	0.901233565	-0.19753287	-0.073062227
0.56618795	0.86658555	-0.2668289	-0.0335687
0.690817228	0.894540535	-0.21091893	0.007195623
0.606651857	0.857801655	-0.28439669	0.033246892
0.631028985	0.870540965	-0.25891807	0.01940609
0.565572015	0.849374805	-0.30125039	0.0174476
0.689323746	0.858176585	-0.28364683	0.114793991
0.735492884	0.861469425	-0.27706115	0.151084609
0.475319875	0.835958285	-0.32808343	-0.03255498
0.542224855	0.836003805	-0.32799239	0.03421344
0.746034451	0.82633855	-0.3473229	0.267018801
0.590649822	0.85304127	-0.29391746	0.031526012
0.440947202	0.79456476	-0.41087048	0.057252922
0.447742847	0.82759829	-0.34480342	-0.035052023
0.651518558	0.824630515	-0.35073897	0.177627013
0.284269621	0.81782845	-0.3643431	-0.169215729
0.420400844	0.797910885	-0.40417823	0.026668189
-0.032049384	0.779858675	-0.44028265	-0.371625409
0.371157771	0.79973915	-0.4005217	-0.028059679
0.408872548	0.797425225	-0.40514955	0.016596873
0.243817289	0.822680145	-0.35463971	-0.224223146
0.240571763	0.77219746	-0.45560508	-0.076020617
0.428870091	0.794943355	-0.41011329	0.044040026
0.098327049	0.76967298	-0.46065404	-0.210691891
0.344827651	0.77845471	-0.44309058	0.009463521
0.42416376	0.793137705	-0.41372459	0.044750645
0.261944018	0.75703265	-0.4859347	-0.009153932
0.301440138	0.783633685	-0.43273263	-0.049460917
0.143519783	0.76196572	-0.47606856	-0.142377377
0.002409837	0.752834585	-0.49433083	-0.256093918
0.110921437	0.74422292	-0.51155416	-0.121747323
0.252221817	0.72253747	-0.55492506	0.084609407
0.202716706	0.726958455	-0.54608309	0.021841341
0.350641421	0.73716588	-0.52566824	0.139143781
0.162566875	0.737667365	-0.52466527	-0.05043522
-0.070611058	0.756494525	-0.48701095	-0.340094633
0.132249664	0.73449946	-0.53100108	-0.071248716
0.345548531	0.731047235	-0.53790553	0.152406826
0.120397085	0.700676175	-0.59864765	0.01836856
0.020326707	0.71954999	-0.56090002	-0.138323263
-0.024202451	0.690760415	-0.61847917	-0.096483696
0.187091474	0.717672785	-0.56465443	0.034073119
0.329431741	0.734374195	-0.53125161	0.126309156
-0.080776477	0.695628735	-0.60874253	-0.167662682
0.068725417	0.69253693	-0.61492614	-0.008885373
4.0813E-05	0.675981185	-0.64803763	-0.027902742
0.150393397	0.680100565	-0.63979887	0.110091702
-0.182257739	0.67689467	-0.64621066	-0.212941749
0.086737918	0.691631345	-0.61673731	0.011843883
0.153479485	0.68795189	-0.62409622	0.089623815
-0.080888968	0.670793795	-0.65841241	-0.093270353
0.111817148	0.67987976	-0.64024048	0.072177868
0.219218581	0.659512195	-0.68097561	0.240681996
-0.03472855	0.66162782	-0.67674436	-0.01961201
-0.155402817	0.66342906	-0.67314188	-0.145689997
0.158347125	0.63766634	-0.72466732	0.245348105
-0.215928782	0.64030333	-0.71939334	-0.136838772
-0.139638543	0.643454225	-0.71309155	-0.070001218
-0.097668568	0.617271875	-0.76545625	0.050515807
-0.26839383	0.620730665	-0.75853867	-0.130585825
0.310343429	0.645155475	-0.70968905	0.374877004
-0.078016306	0.61822013	-0.76355974	0.067323304
-0.43166813	0.633191655	-0.73361669	-0.331243095
-0.187689713	0.652126425	-0.69574715	-0.144068988
-0.318147807	0.61879611	-0.76240778	-0.174536137
-0.106490192	0.63698215	-0.7260357	-0.017436642
-0.005052439	0.62089597	-0.75820806	0.132259651
0.20699213	0.61867291	-0.76265418	0.3509734
-0.382312696	0.60880404	-0.78239192	-0.208724816
-0.75717197	0.607571945	-0.78485611	-0.579887805
-0.248888635	0.586225785	-0.82754843	-0.00756599
-0.493128079	0.589175855	-0.82164829	-0.260655644
-0.11672266	0.60087606	-0.79824788	0.08064916
0.202417972	0.60187133	-0.79625734	0.396803982
-0.562126297	0.5590574	-0.8818852	-0.239298497
0.305898949	0.58685157	-0.82629686	0.545344239
-0.21518374	0.59683052	-0.80633896	-0.0056753
-0.143972364	0.60098779	-0.79802442	0.053064266
-0.631368254	0.580804075	-0.83839185	-0.373780479
0.056162176	0.58670547	-0.82658906	0.296045766
-0.376495307	0.56631692	-0.86736616	-0.075446067
-0.305705537	0.57862172	-0.84275656	-0.041570697
-0.544962813	0.56331242	-0.87337516	-0.234900073
-0.56347202	0.54898632	-0.90202736	-0.21043098
-0.307427477	0.56885686	-0.86228628	-0.013998057
-0.419140221	0.56484159	-0.87031682	-0.113664991
-0.526756142	0.57389323	-0.85221354	-0.248435832
-0.642121384	0.5683538	-0.8632924	-0.347182784
-0.100743434	0.5507577	-0.8984846	0.246983466
-0.204692462	0.555954605	-0.88809079	0.127443723
-0.412058536	0.55262775	-0.8947445	-0.069941786
-0.53669636	0.55185918	-0.89628164	-0.1922739
-0.275619153	0.553546795	-0.89290641	0.063740462
-0.435987214	0.55181721	-0.89636558	-0.091438844
-0.366169023	0.549744875	-0.90051025	-0.015403648
-0.364037796	0.543861825	-0.91227635	0.004376729
-0.276265198	0.52430137	-0.95139726	0.150830692
-0.090544958	0.54792368	-0.90415264	0.265684002
-0.356569245	0.524079895	-0.95184021	0.07119107
-0.616645364	0.51253711	-0.97492578	-0.154256694
-0.610852996	0.51749453	-0.96501094	-0.163336586
-0.356733679	0.529039015	-0.94192197	0.056149276
-0.630723775	0.51103615	-0.9779277	-0.163832225
-0.711761949	0.541949395	-0.91610121	-0.337610134
-0.198129631	0.53703513	-0.92592974	0.190764979
-0.496568758	0.536008105	-0.92798379	-0.104593073
-0.350606517	0.525519715	-0.94896057	0.072834338
-0.600725831	0.505436055	-0.98912789	-0.117033996
-0.378807886	0.51204982	-0.97590036	0.085042654
-0.605081261	0.52049748	-0.95900504	-0.166573701
-0.427086759	0.50510386	-0.98979228	0.057601661
-0.872676979	0.50885826	-0.98228348	-0.399251759
-0.128334757	0.517820235	-0.96435953	0.318204538
-0.408182367	0.528681695	-0.94263661	0.005772548
-0.756940214	0.513955665	-0.97208867	-0.298807209
-0.557263262	0.51849608	-0.96300784	-0.112751502
-0.646316534	0.49418612	-1.01162776	-0.128874894
-0.587880485	0.497817135	-1.00436573	-0.08133189
-0.36277616	0.50629833	-0.98740334	0.11832885
-0.693484104	0.474016005	-1.05196799	-0.115532119
-0.951233629	0.49002792	-1.01994416	-0.421317389
-0.720789897	0.50002139	-0.99995722	-0.220854067
-0.771021317	0.51334372	-0.97331256	-0.311052477
-0.458374275	0.51315345	-0.9736931	0.002165375
-0.400798282	0.4791939	-1.0416122	0.161620018
-0.177678551	0.50162679	-0.99674642	0.317441079
-0.243792402	0.516403155	-0.96719369	0.206998133
-0.565805728	0.49908474	-1.00183052	-0.063059948
-0.391482476	0.4904149	-1.0191702	0.137272824
-0.313363558	0.479413095	-1.04117381	0.248397157
-0.576839901	0.51043606	-0.97912788	-0.108148081
-0.622150423	0.49669676	-1.00660648	-0.112240703
-1.014919629	0.48171897	-1.03656206	-0.460076539
-0.331239723	0.518265625	-0.96346875	0.113963402
-0.512206336	0.51085865	-0.9782827	-0.044782286
-0.644367736	0.52550174	-0.94899652	-0.220872956
-0.580030176	0.494522175	-1.01095565	-0.063596701
-0.79125941	0.48505244	-1.02989512	-0.24641673
-0.617900909	0.50389263	-0.99221474	-0.129578799
-1.11695403	0.48857375	-1.0228525	-0.58267528
-0.044027704	0.490827925	-1.01834415	0.483488521
-0.792631938	0.48537272	-1.02925456	-0.248750098
-0.605361207	0.497041735	-1.00591653	-0.096486412
-0.495538647	0.505717045	-0.98856591	-0.012689782
-0.629090961	0.505875225	-0.98824955	-0.146716636
-0.259130288	0.50342482	-0.99315036	0.230595252
-0.682840649	0.52458582	-0.95082836	-0.256598109
-0.529877153	0.48382376	-1.03235248	0.018651567
-0.422481152	0.51997797	-0.96004406	0.017584938
-0.248792561	0.4995165	-1.000967	0.252657939
-0.386654768	0.541324515	-0.91735097	-0.010628313
-0.652149931	0.498187245	-1.00362551	-0.146711666
-0.774937875	0.50516894	-0.98966212	-0.290444695
-0.460878965	0.53422375	-0.9315525	-0.063550215
-0.688085275	0.4960918	-1.0078164	-0.176360675
-0.643360036	0.52548838	-0.94902324	-0.219825176
-0.436019987	0.52154989	-0.95690022	-0.000669657
-0.374463893	0.5098298	-0.9803404	0.096046707
-0.191022912	0.495174715	-1.00965057	0.323452943
-0.22995663	0.517191975	-0.96561605	0.218467445
-0.540148419	0.505112925	-0.98977415	-0.055487194
-0.00016739	0.54235133	-0.91529734	0.37277862
-0.913483226	0.50036867	-0.99926266	-0.414589236
-0.773326031	0.51480613	-0.97038774	-0.317744421
-0.332846036	0.53960346	-0.92079308	0.048343584
-0.041561884	0.54118614	-0.91762772	0.334879696
-0.626023479	0.54956869	-0.90086262	-0.274729549
-0.743975639	0.53463007	-0.93073986	-0.347865849
-0.562740914	0.51184346	-0.97631308	-0.098271294
-0.490195646	0.53819771	-0.92360458	-0.104788776
-0.446311717	0.5018844	-0.9962312	0.048035083
0.020746775	0.555974285	-0.88805143	0.35282392
-0.13048157	0.52257762	-0.95484476	0.30178557
-0.373299254	0.519979235	-0.96004153	0.066763041
-0.640398125	0.532557525	-0.93488495	-0.2380707
-0.220923935	0.531327725	-0.93734455	0.18509289
-0.632184088	0.53459227	-0.93081546	-0.235960898
-0.621827206	0.558022015	-0.88395597	-0.295893251
-0.427780587	0.55596486	-0.88807028	-0.095675167
-0.016827982	0.59642707	-0.80714586	0.193890808
-0.871246656	0.566729185	-0.86654163	-0.571434211
-0.142283732	0.550048385	-0.89990323	0.207571113
-0.746780098	0.55872036	-0.88255928	-0.422941178
0.084611442	0.567239995	-0.86552001	0.382891457
-0.250650068	0.55041566	-0.89916868	0.098102952
-0.528708425	0.568584885	-0.86283023	-0.23446308
-0.249114578	0.587224545	-0.82555091	-0.010788213
-0.1736942	0.564212655	-0.87157469	0.133667835
0.049434765	0.58191866	-0.83616268	0.303678785
-0.124710369	0.561877845	-0.87624431	0.189656096
-0.141264042	0.58238645	-0.8352271	0.111576608
-0.117682175	0.567055375	-0.86588925	0.1811517
-0.450025377	0.57689554	-0.84620892	-0.180711997
-0.088504979	0.549901255	-0.90019749	0.261791256
-0.632205015	0.58079592	-0.83840816	-0.374592775
-0.073190995	0.601690885	-0.79661823	0.12173635
-0.651929572	0.615233905	-0.76953219	-0.497631287
-0.554340155	0.619187835	-0.76162433	-0.41190366
0.021637167	0.59671322	-0.80657356	0.231497507
0.028979046	0.57686739	-0.84626522	0.298376876
-0.148240328	0.590552225	-0.81889555	0.080102997
-0.729436314	0.604364745	-0.79127051	-0.542530549
0.077509739	0.62281148	-0.75437704	0.209075299
-0.325770925	0.60881792	-0.78236416	-0.152224685
-0.024320286	0.618725485	-0.76254903	0.119503259
-0.197246099	0.611320755	-0.77735849	-0.031208364
-0.668371579	0.60559492	-0.78881016	-0.485156339
0.403949556	0.650944185	-0.69811163	0.451117001
0.512218214	0.65250463	-0.69499074	0.554704324
-0.562707739	0.595585525	-0.80882895	-0.349464314
0.123424584	0.635174395	-0.72965121	0.217901399
-0.447614361	0.63810684	-0.72378632	-0.361934881
0.090626341	0.6349273	-0.7301454	0.185844441
-0.293380519	0.65560875	-0.6887825	-0.260206769
-0.107590408	0.65184631	-0.69630738	-0.063129338
0.032612258	0.68404459	-0.63191082	-0.019521512
0.04012982	0.650546595	-0.69890681	0.088490035
-0.257993922	0.671740335	-0.65651933	-0.273214927
0.053434687	0.675435645	-0.64912871	0.027127752
-0.151071481	0.68510758	-0.62978484	-0.206394221
-0.409732415	0.657949965	-0.68410007	-0.38358231
-0.367530838	0.679633545	-0.64073291	-0.406431473
0.048715696	0.69641181	-0.60717638	-0.040519734
-0.007196256	0.705040735	-0.58991853	-0.122318461
0.208488799	0.694688415	-0.61062317	0.124423554
-0.254763226	0.70163512	-0.59672976	-0.359668586
-0.028422069	0.68126549	-0.63746902	-0.072218539
-0.354676717	0.718807765	-0.56238447	-0.511100012
0.544241864	0.71297997	-0.57404006	0.405301954
0.1432853	0.69865726	-0.60268548	0.04731352
-0.262952768	0.716701015	-0.56659797	-0.413055813
0.151171286	0.732800015	-0.53439997	-0.047228759
-0.230356459	0.723822435	-0.55235513	-0.401823764
0.492075198	0.72072787	-0.55854426	0.329891588
0.050730293	0.710511495	-0.57897701	-0.080804192
0.279043122	0.713097635	-0.57380473	0.139750217
-0.037653521	0.74247221	-0.51505558	-0.265070151
0.149801991	0.74584041	-0.50831918	-0.087719239
0.220086088	0.73332995	-0.5333401	0.020096238
0.383894009	0.714809315	-0.57038137	0.239466064
0.414762763	0.754611705	-0.49077659	0.150927648
0.382984383	0.763937065	-0.47212587	0.091173188
0.136156883	0.77235361	-0.45529278	-0.180903947
-0.281059057	0.72839508	-0.54320984	-0.466244297
-0.205727336	0.781437245	-0.43712551	-0.550039071
0.48803342	0.776659365	-0.44668127	0.158055325
0.36582218	0.78609058	-0.42781884	0.00755044
0.371415266	0.784885715	-0.43022857	0.016758121
0.767585002	0.77052757	-0.45894486	0.456002292
0.4851064	0.78760333	-0.42479334	0.12229641
0.986176814	0.792051515	-0.41589697	0.610022269
-0.274008691	0.793306505	-0.41338699	-0.653928206
1.218327921	0.814162075	-0.37167585	0.775841696
0.202114597	0.80172431	-0.39655138	-0.203058333
0.144075053	0.79392411	-0.41215178	-0.237697277
0.526995286	0.808314595	-0.38337081	0.102051501
0.194544751	0.841626515	-0.31674697	-0.330334794
0.264867965	0.828355585	-0.34328883	-0.22019879
0.519806194	0.820792535	-0.35841493	0.057428589
0.566845556	0.839239575	-0.32152085	0.049126831
0.66670892	0.85173803	-0.29652394	0.11149483
0.219570919	0.846746715	-0.30650657	-0.320669226
0.566855379	0.838384565	-0.32323087	0.051701684
0.170382599	0.867154435	-0.26569113	-0.431080706
1.065016031	0.8740084	-0.2519832	0.442990831
0.22135649	0.88147409	-0.23705182	-0.42306578
0.466488456	0.866999175	-0.26600165	-0.134509069
0.665920423	0.878218505	-0.24356299	0.031264908
0.931326604	0.88980308	-0.22039384	0.261917364
0.438390883	0.8726601	-0.2546798	-0.179589417
0.807289864	0.914846935	-0.17030613	0.062749059
0.41053622	0.87573557	-0.24852886	-0.21667049
0.761853515	0.89962465	-0.2007507	0.062979565
0.68478361	0.89689936	-0.20620128	-0.00591447
1.134043294	0.88250221	-0.23499558	0.486536664
0.430206922	0.925816875	-0.14836625	-0.347243703
1.108032474	0.93469472	-0.13061056	0.303948314
1.19844052	0.89392893	-0.21214214	0.51665373
0.45536047	0.930621505	-0.13875699	-0.336504045
0.667600201	0.92355538	-0.15288924	-0.103065939
0.945684755	0.957001845	-0.08599631	0.07467922
1.039790756	0.94362523	-0.11274954	0.208915066
0.847896958	0.920107665	-0.15978467	0.087573963
1.402922385	0.990181125	-0.01963775	0.43237901
1.065580047	0.954797345	-0.09040531	0.201188012
1.200047336	0.9478101	-0.1043798	0.356617036
0.564869721	0.982070905	-0.03585819	-0.381342994
1.448413975	0.981461605	-0.03707679	0.50402916
1.515386441	0.97280279	-0.05439442	0.596978071
0.834263245	0.97625857	-0.04748286	-0.094512465
0.773133304	0.97869852	-0.04260296	-0.162962256
0.907654682	0.97204653	-0.05590694	-0.008484908
1.619227769	0.987451205	-0.02509759	0.656874154
0.818758529	1.03686151	0.07372302	-0.291826001
1.135947053	1.023242495	0.04648499	0.066219568
0.551804305	0.97633842	-0.04732316	-0.377210955
1.115863198	1.01039988	0.02079976	0.084663558
0.779833063	1.02184094	0.04368188	-0.285689757
1.374941279	1.05227829	0.10455658	0.218106409
1.133849502	1.033733385	0.06746677	0.032649347
1.167450504	1.0644754	0.1289508	-0.025975696
1.725764736	1.038628335	0.07725667	0.609879731
1.22541058	1.04938698	0.09877396	0.07724964
0.511497235	1.08361775	0.1672355	-0.739356015
1.352522556	1.05478353	0.10956706	0.188171966
0.863683066	1.0565176	0.1130352	-0.305869734
1.564822861	1.06981596	0.13963192	0.355374981
1.295911779	1.061081775	0.12216355	0.112666454
0.33800211	1.080126355	0.16025271	-0.902376955
1.446640221	1.092761475	0.18552295	0.168355796
1.205082048	1.098681975	0.19736395	-0.090963877
0.936145449	1.10956308	0.21912616	-0.392543791
0.849538796	1.09399063	0.18798126	-0.432433094
0.917707595	1.10521074	0.21042148	-0.397924625
1.639418193	1.101449865	0.20289973	0.335068598
0.514228804	1.082871665	0.16574333	-0.734386191
1.395511344	1.134870635	0.26974127	-0.009100561
1.718757359	1.116991385	0.23398277	0.367783204
1.66707302	1.138693495	0.27738699	0.250992535
0.736317712	1.12587104	0.25174208	-0.641295408
0.765629256	1.13811262	0.27622524	-0.648708604
1.204741586	1.144019815	0.28803963	-0.227317859
1.338765976	1.14803116	0.29606232	-0.105327504
1.49505502	1.15235427	0.30470854	0.03799221
1.10676008	1.12740566	0.25481132	-0.2754569
2.359512169	1.18041145	0.3608229	0.818277819
0.976902393	1.147927575	0.29585515	-0.466880332
1.482411485	1.17359156	0.34718312	-0.038363195
2.482049952	1.19618714	0.39237428	0.893488532
2.528233894	1.174143365	0.34828673	1.005803799
1.343309973	1.16828309	0.33656618	-0.161539297
0.615078376	1.199221925	0.39844385	-0.982587399
1.500267339	1.195580985	0.39116197	-0.086475616
1.568343082	1.19566609	0.39133218	-0.018655188
2.400025063	1.194901305	0.38980261	0.815321148
1.441523055	1.18762416	0.37524832	-0.121349425
2.188312129	1.216228875	0.43245775	0.539625504
1.894150724	1.21203818	0.42407636	0.258036184
2.104036785	1.24179944	0.48359888	0.378638465
1.605276409	1.24031944	0.48063888	-0.115681911
1.512503608	1.229626645	0.45925329	-0.176376327
1.332869781	1.260304855	0.52060971	-0.448044784
1.343092266	1.244062295	0.48812459	-0.389094619
1.789423303	1.25742346	0.51484692	0.017152923
1.674069908	1.230376555	0.46075311	-0.017059757
1.803831192	1.26297336	0.52594672	0.014911112
2.795761982	1.25528497	0.51056994	1.029907072
1.437294441	1.24763452	0.49526904	-0.305609119
1.632936362	1.258669415	0.51733883	-0.143071883
0.997453506	1.27710453	0.55420906	-0.833860084
2.108480738	1.273947385	0.54789477	0.286638583
1.472640182	1.25690748	0.51381496	-0.298082258
1.952102875	1.288619525	0.57723905	0.0862443
2.575162988	1.282326575	0.56465315	0.728183263
2.298071676	1.285174535	0.57034907	0.442548071
2.404907897	1.28082977	0.56165954	0.562418587
1.307872397	1.29460766	0.58921532	-0.575950583
1.294838194	1.301986195	0.60397239	-0.611120391
0.898035133	1.274012765	0.54802553	-0.924003162
1.853482781	1.289045245	0.57809049	-0.013652954
1.681927083	1.292903515	0.58580703	-0.196783462
1.502430553	1.307538325	0.61507665	-0.420184422
2.084534241	1.31277128	0.62554256	0.146220401
2.257569109	1.33343048	0.66686096	0.257277669
1.226367487	1.330436145	0.66087229	-0.764940948
1.880871864	1.29937132	0.59874264	-0.017242096
2.773083227	1.31247238	0.62494476	0.835666087
1.533934595	1.329722795	0.65944559	-0.45523379
2.462463121	1.32226004	0.64452008	0.495683001
1.679810269	1.34889517	0.69779034	-0.366875241
3.034480866	1.362152325	0.72430465	0.948023891
2.076033626	1.36867913	0.73735826	-0.030003764
2.240737004	1.35752107	0.71504214	0.168173794
2.342983769	1.33563923	0.67127846	0.336066079
2.712708539	1.37201797	0.74403594	0.596654629
2.191082288	1.394374075	0.78874815	0.007960063
2.35985325	1.365918	0.731836	0.26209925
2.725547513	1.397934065	0.79586813	0.531745318
2.756428439	1.36609696	0.73219392	0.658137559
2.640492636	1.368340995	0.73668199	0.535469651
1.842843371	1.399890145	0.79978029	-0.356827064
2.434528224	1.373903065	0.74780613	0.312819029
2.268088344	1.405060185	0.81012037	0.052907789
1.950394573	1.41030568	0.82061136	-0.280522467
1.762043954	1.39124655	0.7824931	-0.411695696
1.418400037	1.38252506	0.76505012	-0.729175143
2.161799969	1.39417714	0.78835428	-0.020731451
2.426722638	1.41719262	0.83438524	0.175144778
1.896111289	1.437067095	0.87413419	-0.415089996
3.219127723	1.413737025	0.82747405	0.977916648
2.31785266	1.415431405	0.83086281	0.071558445
2.616682963	1.407162365	0.81432473	0.395195868
1.574613576	1.41570201	0.83140402	-0.672492454
2.125946035	1.41616885	0.8323377	-0.122560515
1.259377553	1.412351145	0.82470229	-0.977675882
2.340730754	1.43109294	0.86218588	0.047451934
2.089482418	1.4313343	0.8626686	-0.204520482
3.248285141	1.445074695	0.89014939	0.913061056
2.884780254	1.434903585	0.86980717	0.580069499
2.43939337	1.399219865	0.79843973	0.241733775
1.736730168	1.45297194	0.90594388	-0.622185652
2.306880882	1.42787188	0.85574376	0.023265242
2.957673635	1.44091193	0.88182386	0.634937845
2.468563242	1.441474745	0.88294949	0.144139007
1.949950842	1.448010905	0.89602181	-0.394081873
2.155944771	1.457465655	0.91493131	-0.216452194
3.096468658	1.457891195	0.91578239	0.722795073
2.257975533	1.45039914	0.90079828	-0.093221887
1.574233537	1.45249622	0.90499244	-0.783255123
1.974352466	1.46446063	0.92892126	-0.419029424
2.852642428	1.434720645	0.86944129	0.548480493
2.363399274	1.48265447	0.96530894	-0.084564136
2.317203155	1.47905684	0.95811368	-0.119967365
3.70554337	1.485340265	0.97068053	1.249522575
2.658203875	1.45531856	0.91063712	0.292248195
1.360499433	1.471471385	0.94294277	-1.053914722
2.393797753	1.474894385	0.94978877	-0.030885402
1.592640415	1.46289577	0.92579154	-0.796046895
2.547365443	1.452053445	0.90410689	0.191205108
1.972139049	1.47534492	0.95068984	-0.453895711
1.501932661	1.47252297	0.94504594	-0.915636249
2.272266908	1.484014205	0.96802841	-0.179775707
2.498483782	1.463940155	0.92788031	0.106663317
2.064518508	1.472356525	0.94471305	-0.352551067
1.974165241	1.4577299	0.9154598	-0.399024459
2.86843394	1.484256315	0.96851263	0.415664995
2.772702929	1.477644565	0.95528913	0.339769234
2.714282719	1.46773502	0.93547004	0.311077659
2.347004276	1.491944065	0.98388813	-0.128827919
1.971395994	1.472746655	0.94549331	-0.446843971
2.297660354	1.511576135	1.02315227	-0.237068051
2.584462068	1.488792015	0.97758403	0.118086023
3.08036178	1.51084005	1.0216801	0.54784163
2.536493441	1.511299525	1.02259905	0.002594866
1.892785463	1.48284135	0.9656827	-0.555738587
1.472463282	1.496595815	0.99319163	-1.017324163
2.211823992	1.479791625	0.95958325	-0.227550883
2.149635021	1.501078685	1.00215737	-0.353601034
3.322696734	1.51171301	1.02342602	0.787557704
2.434577388	1.492980985	0.98596197	-0.044365567
2.583161548	1.502616395	1.00523279	0.075312363
2.359399967	1.49007594	0.98015188	-0.110827853
1.741211403	1.46484505	0.9296901	-0.653323747
2.274998646	1.4821506	0.9643012	-0.171453154
3.438917998	1.500561105	1.00112221	0.937234683
2.915014985	1.484067965	0.96813593	0.46281109
2.967260409	1.49629961	0.99259922	0.478361579
3.091769677	1.477437565	0.95487513	0.659456982
3.279643313	1.49577455	0.9915491	0.792319663
2.228193981	1.50584995	1.0116999	-0.289355869
2.955174197	1.50871546	1.01743092	0.429027817
1.430284179	1.52696388	1.05392776	-1.150607461
2.385599116	1.51285236	1.02570472	-0.152957964
2.550646551	1.49685167	0.99370334	0.060091541
3.173063946	1.496252685	0.99250537	0.684305891
3.885152526	1.49518037	0.99036074	1.399611416
1.49782936	1.48815477	0.97630954	-0.96663495
2.116027562	1.496948455	0.99389691	-0.374817803
1.61190442	1.482875835	0.96575167	-0.836723085
1.980345281	1.499624355	0.99924871	-0.518527784
2.359306736	1.50720887	1.01441774	-0.162319874
3.055345572	1.512857125	1.02571425	0.516774197
2.33549173	1.484511815	0.96902363	-0.118043715
2.807264505	1.49223107	0.98446214	0.330571295
3.480796956	1.49440056	0.98880112	0.997595276
1.727453642	1.512222425	1.02444485	-0.809213633
2.671968555	1.48830754	0.97661508	0.207045935
1.730453947	1.486954475	0.97390895	-0.730409478
1.926844068	1.504441365	1.00888273	-0.586480027
2.285833871	1.516813895	1.03362779	-0.264607814
0.946291059	1.477896695	0.95579339	-1.487399026
2.167641607	1.47271269	0.94542538	-0.250496463
2.42130975	1.49156	0.98312	-0.05337025
2.467077323	1.45936572	0.91873144	0.088980163
3.259296727	1.492613915	0.98522783	0.781454982
1.846715451	1.493514405	0.98702881	-0.633827764
2.457785812	1.465579885	0.93115977	0.061046157
3.317356972	1.48379996	0.96759992	0.865957092
3.000356696	1.495115785	0.99023157	0.515009341
3.539086737	1.483417155	0.96683431	1.088835272
2.332921857	1.48247293	0.96494586	-0.114496933
1.843233326	1.456749295	0.91349859	-0.527014559
2.454993225	1.457003145	0.91400629	0.08398379
2.15706706	1.468938275	0.93787655	-0.249747765
2.5387612	1.44407922	0.88815844	0.20652354
2.978339983	1.46225029	0.92450058	0.591589113
1.912249029	1.464093475	0.92818695	-0.480031396
3.109799816	1.454992755	0.90998551	0.744821551
0.490042808	1.454950155	0.90990031	-1.874807657
2.110166825	1.50632277	1.01264554	-0.408801485
1.963803466	1.44164501	0.88329002	-0.361131564
2.335079471	1.47843507	0.95687014	-0.100225739
2.582889235	1.460138385	0.92027677	0.20247408
2.943070992	1.45634757	0.91269514	0.574028282
2.768098424	1.452785575	0.90557115	0.409741699
2.277568152	1.469520415	0.93904083	-0.130993093
2.56158487	1.447364915	0.89472983	0.219490125
2.47674924	1.436177845	0.87235569	0.168215705
1.841624108	1.4196477	0.8392954	-0.417318992
2.380036728	1.44078197	0.88156394	0.057690818
1.924441047	1.414419905	0.82883981	-0.318818668
2.010524137	1.416497365	0.83299473	-0.238967958
3.087698028	1.41811087	0.83622174	0.833365418
1.168266628	1.42757717	0.85515434	-1.114464882
1.776228276	1.41371335	0.8274267	-0.464911774
2.102596393	1.41852687	0.83705374	-0.152984217
2.576667185	1.420060995	0.84012199	0.3164842
1.147281947	1.42830344	0.85660688	-1.137628373
2.369753843	1.395621895	0.79124379	0.182888158
3.347566034	1.43067183	0.86134366	1.055550544
1.748252149	1.394101815	0.78820363	-0.434053296
1.955297837	1.418077735	0.83615547	-0.298935368
3.727072651	1.41094046	0.82188092	1.494251271
1.816170994	1.400566045	0.80113209	-0.385527141
3.543448056	1.3712571	0.7425142	1.429676756
2.292512688	1.39389534	0.78779068	0.110826668
1.820290432	1.39750791	0.79501582	-0.372233298
2.052991227	1.377868625	0.75573725	-0.080614648
1.136324883	1.39875864	0.79751728	-1.059951037
1.587945256	1.368053075	0.73610615	-0.516213969
2.510658417	1.390970315	0.78194063	0.337747472
0.717161893	1.383590255	0.76718051	-1.433608872
2.029500782	1.367809365	0.73561873	-0.073927313
2.009337103	1.367940285	0.73588057	-0.094483752
2.89104472	1.372702935	0.74540587	0.772935915
2.686616061	1.363129885	0.72625977	0.597226406
2.247535806	1.343386785	0.68677357	0.217375451
1.759310465	1.36540685	0.7308137	-0.336910085
2.391162238	1.36274074	0.72548148	0.302940018
1.738726347	1.373565935	0.74713187	-0.381971458
2.16852914	1.355334075	0.71066815	0.102526915
2.782156995	1.32945406	0.65890812	0.793794815
0.921445118	1.308676005	0.61735201	-1.004582897
2.781781442	1.3501726	0.7003452	0.731263642
2.271668648	1.311636675	0.62327335	0.336758623
1.788014905	1.31594634	0.63189268	-0.159824115
1.309565644	1.335560545	0.67112109	-0.697115991
1.140064653	1.323661995	0.64732399	-0.830921332
1.666373255	1.326147545	0.65229509	-0.31206938
1.817460506	1.290767575	0.58153515	-0.054842219
2.040025475	1.31461524	0.62923048	0.096179755
0.69342346	1.285777895	0.57155579	-1.163910225
3.011586762	1.301370205	0.60274041	1.107476147
1.74721952	1.29722101	0.59444202	-0.14444351
1.835151189	1.28127468	0.56254936	-0.008672851
2.065355914	1.269933185	0.53986637	0.255556359
2.68197082	1.267057995	0.53411599	0.880796835
1.803625314	1.28266356	0.56532712	-0.044365366
0.855615668	1.26521125	0.5304225	-0.940018082
2.380566053	1.241896935	0.48379387	0.654875248
2.712149156	1.281017445	0.56203489	0.869096821
2.829105421	1.263576105	0.52715221	1.038377106
2.248003575	1.24974667	0.49949334	0.498763565
1.957971381	1.26427628	0.52855256	0.165142541
1.357912748	1.251265095	0.50253019	-0.395882537
1.852929897	1.24349434	0.48698868	0.122446877
2.175580069	1.25052191	0.50104382	0.424014339
-0.644028277	1.24248357	0.48496714	-2.371478987
0.707293264	1.245464055	0.49092811	-1.029098901
2.261241958	1.25037576	0.50075152	0.510114678
1.476622025	1.229398555	0.45879711	-0.21157364
1.974427843	1.217497515	0.43499503	0.321935298
1.362852495	1.20440749	0.40881498	-0.250369975
1.375094508	1.218722185	0.43744437	-0.281072047
2.250151142	1.19069618	0.38139236	0.678062602
1.484850297	1.1891276	0.3782552	-0.082532503
0.724893684	1.1904211	0.3808422	-0.846369616
1.274523537	1.182028395	0.36405679	-0.271561648
1.645319792	1.18817338	0.37634676	0.080799652
1.537588497	1.175203765	0.35040753	0.011977202
2.338773745	1.18000816	0.36001632	0.798749265
0.57423513	1.158618665	0.31723733	-0.901620865
0.800512144	1.15471175	0.3094235	-0.663623106
1.342908935	1.148789765	0.29757953	-0.10346036
2.450354573	1.148209755	0.29641951	1.005725308
0.950972231	1.13629816	0.27259632	-0.457922249
0.963551828	1.145301465	0.29060293	-0.472352567
1.754006092	1.13895044	0.27790088	0.337154772
1.193956098	1.13071293	0.26142586	-0.198182692
0.727239585	1.12602067	0.25204134	-0.650822425
2.266465964	1.151616605	0.30323321	0.811616149
2.083981004	1.13184983	0.26369966	0.688431514
-0.286442685	1.10659704	0.21319408	-1.606233805
1.644531769	1.143490795	0.28698159	0.214059384
1.808167043	1.096291	0.192582	0.519294043
2.100128214	1.103628525	0.20725705	0.789242639
1.208474152	1.123151265	0.24630253	-0.160979643
0.322519677	1.08441875	0.1688375	-0.930736573
0.087834708	1.112969305	0.22593861	-1.251073207
2.439585219	1.08456665	0.1691333	1.185885269
-0.209084501	1.07927234	0.15854468	-1.446901521
1.227283989	1.07118643	0.14237286	0.013724699
0.455450072	1.08424586	0.16849172	-0.797287508
